{
  "num": 1,
  "hand": [
    {
      "joint": {
        "metadata": {
          "version": 4.5,
          "type": "Object",
          "generator": "Object3D.toJSON"
        },
        "object": {
          "uuid": "EDB250D4-4199-4F35-A4AA-03F379CE99FB",
          "type": "Group",
          "visible": false,
          "layers": 1,
          "matrix": [
            -0.5675250291824341,
            0.7677115797996521,
            0.29754704236984253,
            0,
            -0.7748497128486633,
            -0.375788152217865,
            -0.5083219408988953,
            0,
            -0.2784299850463867,
            -0.5190396904945374,
            0.8081302642822266,
            0,
            -0.04060852527618408,
            0.42010563611984253,
            -0.4300837516784668,
            1
          ],
          "matrixAutoUpdate": false
        }
      },
      "jointRadius": 0.02346084825694561,
      "position": [-0.04060852527618408, 0.42010563611984253, -0.4300837516784668],
      "quaternion": [0.005762505521197336, -0.3096799275644715, 0.8293737766507264, 0.46497771408734523]
    },
    {
      "joint": {
        "metadata": {
          "version": 4.5,
          "type": "Object",
          "generator": "Object3D.toJSON"
        },
        "object": {
          "uuid": "FDFDC8F7-E08D-41FC-BCC2-0255E72CFDDD",
          "type": "Group",
          "visible": false,
          "layers": 1,
          "matrix": [
            0.5027890205383301,
            -0.2526634931564331,
            0.8266585469245911,
            0,
            -0.7222412824630737,
            0.4026542603969574,
            0.5623494982719421,
            0,
            -0.47494271397590637,
            -0.8797901272773743,
            0.019966112449765205,
            0,
            -0.02924434281885624,
            0.4672943353652954,
            -0.4412979185581207,
            1
          ],
          "matrixAutoUpdate": false
        }
      },
      "jointRadius": 0.018382517620921135,
      "position": [-0.02924434281885624, 0.4672943353652954, -0.4412979185581207],
      "quaternion": [0.5196558269362207, -0.4690146743797433, 0.1692061287440554, 0.6937956058834229]
    },
    {
      "joint": {
        "metadata": {
          "version": 4.5,
          "type": "Object",
          "generator": "Object3D.toJSON"
        },
        "object": {
          "uuid": "E708AFFC-84A5-49E3-BC1C-0D016372C8D0",
          "type": "Group",
          "visible": false,
          "layers": 1,
          "matrix": [
            0.46212247014045715,
            -0.08204271644353867,
            0.883013129234314,
            0,
            -0.4473251700401306,
            0.8381921648979187,
            0.311984658241272,
            0,
            -0.7657305002212524,
            -0.5391690135002136,
            0.35064753890037537,
            0,
            -0.013802573084831238,
            0.49589890241622925,
            -0.4419470727443695,
            1
          ],
          "matrixAutoUpdate": false
        }
      },
      "jointRadius": 0.010282951407134533,
      "position": [-0.013802573084831238, 0.49589890241622925, -0.4419470727443695],
      "quaternion": [0.2613823363569907, -0.5063156282049442, 0.11217523334316187, 0.8140887395735191]
    },
    {
      "joint": {
        "metadata": {
          "version": 4.5,
          "type": "Object",
          "generator": "Object3D.toJSON"
        },
        "object": {
          "uuid": "376FCF4D-165E-4496-82D0-9BBA93D0428B",
          "type": "Group",
          "visible": false,
          "layers": 1,
          "matrix": [
            0.4279405474662781,
            -0.23440207540988922,
            0.8728819489479065,
            0,
            0.15369489789009094,
            0.9705904722213745,
            0.18528982996940613,
            0,
            -0.8906430006027222,
            0.05486452952027321,
            0.4513813257217407,
            0,
            0.01207383070141077,
            0.5141190886497498,
            -0.45379653573036194,
            1
          ],
          "matrixAutoUpdate": false
        }
      },
      "jointRadius": 0.009768804535269737,
      "position": [0.01207383070141077, 0.5141190886497498, -0.45379653573036194],
      "quaternion": [0.03862918324352108, -0.5223190048121688, -0.11494612047584646, 0.8440841384610399]
    },
    {
      "joint": {
        "metadata": {
          "version": 4.5,
          "type": "Object",
          "generator": "Object3D.toJSON"
        },
        "object": {
          "uuid": "E4A6F4C1-5421-41E0-84F5-1483CBC95E85",
          "type": "Group",
          "visible": false,
          "layers": 1,
          "matrix": [
            0.4279405474662781,
            -0.23440207540988922,
            0.8728819489479065,
            0,
            0.15369489789009094,
            0.9705904722213745,
            0.18528982996940613,
            0,
            -0.8906430006027222,
            0.05486452952027321,
            0.4513813257217407,
            0,
            0.03384638577699661,
            0.5139238238334656,
            -0.46529123187065125,
            1
          ],
          "matrixAutoUpdate": false
        }
      },
      "jointRadius": 0,
      "position": [0.03384638577699661, 0.5139238238334656, -0.46529123187065125],
      "quaternion": [0.03862918324352108, -0.5223190048121688, -0.11494612047584646, 0.8440841384610399]
    },
    {
      "joint": {
        "metadata": {
          "version": 4.5,
          "type": "Object",
          "generator": "Object3D.toJSON"
        },
        "object": {
          "uuid": "B18B5DDF-4194-4C7A-B0DD-845DDEAE2F48",
          "type": "Group",
          "visible": false,
          "layers": 1,
          "matrix": [
            -0.6116708517074585,
            0.6510636210441589,
            0.4494161009788513,
            0,
            -0.724393904209137,
            -0.23259925842285156,
            -0.6489614248275757,
            0,
            -0.3179813325405121,
            -0.7225051522254944,
            0.6139007806777954,
            0,
            -0.030900942161679268,
            0.4571354389190674,
            -0.4537251591682434,
            1
          ],
          "matrixAutoUpdate": false
        }
      },
      "jointRadius": 0.018382517620921135,
      "position": [-0.030900942161679268, 0.4571354389190674, -0.4537251591682434],
      "quaternion": [0.041915468463157524, -0.4373702114200081, 0.7839277649548742, 0.4386429652904365]
    },
    {
      "joint": {
        "metadata": {
          "version": 4.5,
          "type": "Object",
          "generator": "Object3D.toJSON"
        },
        "object": {
          "uuid": "6F126822-08F2-4B6E-837D-16EE0E984387",
          "type": "Group",
          "visible": false,
          "layers": 1,
          "matrix": [
            -0.5039252042770386,
            0.7915611863136292,
            0.34567373991012573,
            0,
            -0.2995448112487793,
            0.21521155536174774,
            -0.9294928312301636,
            0,
            -0.8101434707641602,
            -0.5719397068023682,
            0.12865754961967468,
            0,
            -0.021576741710305214,
            0.49076104164123535,
            -0.4969346523284912,
            1
          ],
          "matrixAutoUpdate": false
        }
      },
      "jointRadius": 0.010295259766280651,
      "position": [-0.021576741710305214, 0.49076104164123535, -0.4969346523284912],
      "quaternion": [-0.19506777463977118, -0.6305710079717813, 0.595267005271855, 0.45824224994779383]
    },
    {
      "joint": {
        "metadata": {
          "version": 4.5,
          "type": "Object",
          "generator": "Object3D.toJSON"
        },
        "object": {
          "uuid": "E4FEDE1B-DE67-4173-A9AF-24BD77B91875",
          "type": "Group",
          "visible": false,
          "layers": 1,
          "matrix": [
            -0.5074207782745361,
            0.8088371157646179,
            0.2971649467945099,
            0,
            0.6053605079650879,
            0.580029308795929,
            -0.5450732707977295,
            0,
            -0.6132397651672363,
            -0.09668958187103271,
            -0.78395676612854,
            0,
            0.009149814024567604,
            0.5124531984329224,
            -0.5018143057823181,
            1
          ],
          "matrixAutoUpdate": false
        }
      },
      "jointRadius": 0.008038101717829704,
      "position": [0.009149814024567604, 0.5124531984329224, -0.5018143057823181],
      "quaternion": [0.4172849265042266, 0.8472612668857871, -0.18936391581573955, -0.2686316123139324]
    },
    {
      "joint": {
        "metadata": {
          "version": 4.5,
          "type": "Object",
          "generator": "Object3D.toJSON"
        },
        "object": {
          "uuid": "90465D80-DB16-469B-A4C1-8C8968E69B26",
          "type": "Group",
          "visible": false,
          "layers": 1,
          "matrix": [
            -0.4605911076068878,
            0.8268768787384033,
            0.322693407535553,
            0,
            0.812789797782898,
            0.5390002727508545,
            -0.22102418541908264,
            0,
            -0.35669153928756714,
            0.16048011183738708,
            -0.9203355312347412,
            0,
            0.024053778499364853,
            0.5148031115531921,
            -0.48276129364967346,
            1
          ],
          "matrixAutoUpdate": false
        }
      },
      "jointRadius": 0.007636196445673704,
      "position": [0.024053778499364853, 0.5148031115531921, -0.48276129364967346],
      "quaternion": [-0.4797771025612343, -0.8543896353723329, 0.017715595307125923, 0.19879245586589295]
    },
    {
      "joint": {
        "metadata": {
          "version": 4.5,
          "type": "Object",
          "generator": "Object3D.toJSON"
        },
        "object": {
          "uuid": "F2DB2756-1559-43FB-B40A-4CD7A2EA9F7D",
          "type": "Group",
          "visible": false,
          "layers": 1,
          "matrix": [
            -0.4605911076068878,
            0.8268768787384033,
            0.322693407535553,
            0,
            0.812789797782898,
            0.5390002727508545,
            -0.22102418541908264,
            0,
            -0.35669153928756714,
            0.16048011183738708,
            -0.9203355312347412,
            0,
            0.03299993276596069,
            0.5115222930908203,
            -0.4625014364719391,
            1
          ],
          "matrixAutoUpdate": false
        }
      },
      "jointRadius": 0,
      "position": [0.03299993276596069, 0.5115222930908203, -0.4625014364719391],
      "quaternion": [-0.4797771025612343, -0.8543896353723329, 0.017715595307125923, 0.19879245586589295]
    },
    {
      "joint": {
        "metadata": {
          "version": 4.5,
          "type": "Object",
          "generator": "Object3D.toJSON"
        },
        "object": {
          "uuid": "E8F1B35E-DDAD-44CC-B8FA-AECE9B4FC6CC",
          "type": "Group",
          "visible": false,
          "layers": 1,
          "matrix": [
            -0.6588838696479797,
            0.7122170329093933,
            0.24211277067661285,
            0,
            -0.6197889447212219,
            -0.3315843641757965,
            -0.7112756967544556,
            0,
            -0.4263019263744354,
            -0.618707001209259,
            0.659899890422821,
            0,
            -0.023777348920702934,
            0.44736525416374207,
            -0.45736104249954224,
            1
          ],
          "matrixAutoUpdate": false
        }
      },
      "jointRadius": 0.018382517620921135,
      "position": [-0.023777348920702934, 0.44736525416374207, -0.45736104249954224],
      "quaternion": [-0.056569330892568354, -0.4084726325506991, 0.8139976059340064, 0.4090940195030657]
    },
    {
      "joint": {
        "metadata": {
          "version": 4.5,
          "type": "Object",
          "generator": "Object3D.toJSON"
        },
        "object": {
          "uuid": "4A0311A7-9CF2-4725-BC57-A01CFDD2FD47",
          "type": "Group",
          "visible": false,
          "layers": 1,
          "matrix": [
            -0.5658268928527832,
            0.7837560772895813,
            0.2560596764087677,
            0,
            -0.5697219371795654,
            -0.1471438854932785,
            -0.80855792760849,
            0,
            -0.5960345268249512,
            -0.6033865809440613,
            0.529780924320221,
            0,
            -0.012986572459340096,
            0.4720306992530823,
            -0.5055723786354065,
            1
          ],
          "matrixAutoUpdate": false
        }
      },
      "jointRadius": 0.01117393933236599,
      "position": [-0.012986572459340096, 0.4720306992530823, -0.5055723786354065],
      "quaternion": [-0.11350790409432887, -0.4714080398517278, 0.7487909404355291, 0.4518877550818791]
    },
    {
      "joint": {
        "metadata": {
          "version": 4.5,
          "type": "Object",
          "generator": "Object3D.toJSON"
        },
        "object": {
          "uuid": "FBC170A5-9A23-4B2F-8FE9-680DC936C347",
          "type": "Group",
          "visible": false,
          "layers": 1,
          "matrix": [
            -0.5736755132675171,
            0.785759687423706,
            0.231254443526268,
            0,
            0.2071344256401062,
            0.4123287796974182,
            -0.8871757984161377,
            0,
            -0.7924596071243286,
            -0.4610501527786255,
            -0.39930078387260437,
            0,
            0.012599398382008076,
            0.4979322850704193,
            -0.5283142924308777,
            1
          ],
          "matrixAutoUpdate": false
        }
      },
      "jointRadius": 0.008030958473682404,
      "position": [0.012599398382008076, 0.4979322850704193, -0.5283142924308777],
      "quaternion": [0.3214406983062576, 0.7722216072354746, -0.43647623022706555, -0.3314184171675068]
    },
    {
      "joint": {
        "metadata": {
          "version": 4.5,
          "type": "Object",
          "generator": "Object3D.toJSON"
        },
        "object": {
          "uuid": "2F1F9DD2-7590-44AF-B18B-08843E88E034",
          "type": "Group",
          "visible": false,
          "layers": 1,
          "matrix": [
            -0.5223838686943054,
            0.8457068800926208,
            0.10906686633825302,
            0,
            0.7024666666984558,
            0.49931401014328003,
            -0.5071749687194824,
            0,
            -0.4833798408508301,
            -0.18832407891750336,
            -0.8549143671989441,
            0,
            0.034431327134370804,
            0.5106340050697327,
            -0.5173137187957764,
            1
          ],
          "matrixAutoUpdate": false
        }
      },
      "jointRadius": 0.007629410829395056,
      "position": [0.034431327134370804, 0.5106340050697327, -0.5173137187957764],
      "quaternion": [0.4564034463797351, 0.8480288606743633, -0.20503394879688613, -0.17465401637751476]
    },
    {
      "joint": {
        "metadata": {
          "version": 4.5,
          "type": "Object",
          "generator": "Object3D.toJSON"
        },
        "object": {
          "uuid": "879B5673-F7BA-4B3B-AD79-F6DF8FB9AF23",
          "type": "Group",
          "visible": false,
          "layers": 1,
          "matrix": [
            -0.5223838686943054,
            0.8457068800926208,
            0.10906686633825302,
            0,
            0.7024666666984558,
            0.49931401014328003,
            -0.5071749687194824,
            0,
            -0.4833798408508301,
            -0.18832407891750336,
            -0.8549143671989441,
            0,
            0.04745901748538017,
            0.5156423449516296,
            -0.4965813457965851,
            1
          ],
          "matrixAutoUpdate": false
        }
      },
      "jointRadius": 0,
      "position": [0.04745901748538017, 0.5156423449516296, -0.4965813457965851],
      "quaternion": [0.4564034463797351, 0.8480288606743633, -0.20503394879688613, -0.17465401637751476]
    },
    {
      "joint": {
        "metadata": {
          "version": 4.5,
          "type": "Object",
          "generator": "Object3D.toJSON"
        },
        "object": {
          "uuid": "A31C76AE-2CF1-491B-8561-C45679ACB171",
          "type": "Group",
          "visible": false,
          "layers": 1,
          "matrix": [
            -0.6718341708183289,
            0.7403423190116882,
            0.02305860072374344,
            0,
            -0.5090861916542053,
            -0.43891724944114685,
            -0.7403934597969055,
            0,
            -0.5380238890647888,
            -0.509160578250885,
            0.6717777848243713,
            0,
            -0.018064025789499283,
            0.43697506189346313,
            -0.4583888351917267,
            1
          ],
          "matrixAutoUpdate": false
        }
      },
      "jointRadius": 0.018382517620921135,
      "position": [-0.018064025789499283, 0.43697506189346313, -0.4583888351917267],
      "quaternion": [-0.15435763117559104, -0.37454607291523556, 0.8340457947603515, 0.37450844210005285]
    },
    {
      "joint": {
        "metadata": {
          "version": 4.5,
          "type": "Object",
          "generator": "Object3D.toJSON"
        },
        "object": {
          "uuid": "42A12986-38D2-4AEB-9CF0-62637AEB4035",
          "type": "Group",
          "visible": false,
          "layers": 1,
          "matrix": [
            -0.6141722798347473,
            0.7717590928077698,
            0.16486504673957825,
            0,
            -0.678888738155365,
            -0.4101712107658386,
            -0.6089906692504883,
            0,
            -0.40237119793891907,
            -0.485950231552124,
            0.7758543491363525,
            0,
            -0.0009423175361007452,
            0.4551866054534912,
            -0.5036376118659973,
            1
          ],
          "matrixAutoUpdate": false
        }
      },
      "jointRadius": 0.00992213748395443,
      "position": [-0.0009423175361007452, 0.4551866054534912, -0.5036376118659973],
      "quaternion": [-0.07096602045018548, -0.32716461330571106, 0.8366895650957202, 0.4334486260238033]
    },
    {
      "joint": {
        "metadata": {
          "version": 4.5,
          "type": "Object",
          "generator": "Object3D.toJSON"
        },
        "object": {
          "uuid": "0BCB35D0-AA23-4230-A570-35B30101FA03",
          "type": "Group",
          "visible": false,
          "layers": 1,
          "matrix": [
            -0.6634489893913269,
            0.741446852684021,
            0.10045920312404633,
            0,
            -0.022028151899576187,
            0.11485029011964798,
            -0.9931386113166809,
            0,
            -0.747897207736969,
            -0.6611097455024719,
            -0.05986468121409416,
            0,
            0.014748590067029,
            0.4741367697715759,
            -0.5338929295539856,
            1
          ],
          "matrixAutoUpdate": false
        }
      },
      "jointRadius": 0.007611672393977642,
      "position": [0.014748590067029, 0.4741367697715759, -0.5338929295539856],
      "quaternion": [-0.2653136230587124, -0.6778945496131789, 0.61006842594688, 0.3128644701574486]
    },
    {
      "joint": {
        "metadata": {
          "version": 4.5,
          "type": "Object",
          "generator": "Object3D.toJSON"
        },
        "object": {
          "uuid": "6F22D088-2A0B-4C1E-BB05-A368C6355895",
          "type": "Group",
          "visible": false,
          "layers": 1,
          "matrix": [
            -0.6961904764175415,
            0.7164872884750366,
            0.04432748258113861,
            0,
            0.42936527729034424,
            0.46509793400764465,
            -0.7741638422012329,
            0,
            -0.5752951502799988,
            -0.519932746887207,
            -0.631431519985199,
            0,
            0.03462275490164757,
            0.49170470237731934,
            -0.5323021411895752,
            1
          ],
          "matrixAutoUpdate": false
        }
      },
      "jointRadius": 0.007231088820844889,
      "position": [0.03462275490164757, 0.49170470237731934, -0.5323021411895752],
      "quaternion": [0.34283489826274616, 0.8355716244227323, -0.38718893898147905, -0.18538883063206751]
    },
    {
      "joint": {
        "metadata": {
          "version": 4.5,
          "type": "Object",
          "generator": "Object3D.toJSON"
        },
        "object": {
          "uuid": "2F17CB65-19C8-4EFD-A488-1DCA8A8220CC",
          "type": "Group",
          "visible": false,
          "layers": 1,
          "matrix": [
            -0.6961904764175415,
            0.7164872884750366,
            0.04432748258113861,
            0,
            0.42936527729034424,
            0.46509793400764465,
            -0.7741638422012329,
            0,
            -0.5752951502799988,
            -0.519932746887207,
            -0.631431519985199,
            0,
            0.04948750138282776,
            0.5049158334732056,
            -0.5181982517242432,
            1
          ],
          "matrixAutoUpdate": false
        }
      },
      "jointRadius": 0,
      "position": [0.04948750138282776, 0.5049158334732056, -0.5181982517242432],
      "quaternion": [0.34283489826274616, 0.8355716244227323, -0.38718893898147905, -0.18538883063206751]
    },
    {
      "joint": {
        "metadata": {
          "version": 4.5,
          "type": "Object",
          "generator": "Object3D.toJSON"
        },
        "object": {
          "uuid": "698EF6E7-C8E2-484F-8871-7B0CF2B6EF3A",
          "type": "Group",
          "visible": false,
          "layers": 1,
          "matrix": [
            -0.7253586649894714,
            0.667923092842102,
            -0.16653358936309814,
            0,
            -0.4838096797466278,
            -0.6667560935020447,
            -0.5668901801109314,
            0,
            -0.4896763563156128,
            -0.3306281566619873,
            0.806784987449646,
            0,
            -0.010770200751721859,
            0.4236747622489929,
            -0.4596744775772095,
            1
          ],
          "matrixAutoUpdate": false
        }
      },
      "jointRadius": 0.018382517620921135,
      "position": [-0.010770200751721859, 0.4236747622489929, -0.4596744775772095],
      "quaternion": [-0.1834478017217858, -0.25090714572042555, 0.8942734219667448, 0.3219744633255287]
    },
    {
      "joint": {
        "metadata": {
          "version": 4.5,
          "type": "Object",
          "generator": "Object3D.toJSON"
        },
        "object": {
          "uuid": "D758415D-344F-44FD-A4A1-5D32D363B126",
          "type": "Group",
          "visible": false,
          "layers": 1,
          "matrix": [
            -0.6623788475990295,
            0.748819887638092,
            0.022866904735565186,
            0,
            -0.6927666068077087,
            -0.6006062626838684,
            -0.3991823196411133,
            0,
            -0.2851816415786743,
            -0.2802513539791107,
            0.9165863394737244,
            0,
            0.011582685634493828,
            0.43877023458480835,
            -0.49650445580482483,
            1
          ],
          "matrixAutoUpdate": false
        }
      },
      "jointRadius": 0.008483353070914745,
      "position": [0.011582685634493828, 0.43877023458480835, -0.49650445580482483],
      "quaternion": [-0.07355435847302422, -0.1905165753624684, 0.891567658376206, 0.40422803143689506]
    },
    {
      "joint": {
        "metadata": {
          "version": 4.5,
          "type": "Object",
          "generator": "Object3D.toJSON"
        },
        "object": {
          "uuid": "418A1034-DB6A-497F-ABEE-BC3E96ED678A",
          "type": "Group",
          "visible": false,
          "layers": 1,
          "matrix": [
            -0.7031025886535645,
            0.6986580491065979,
            -0.13237813115119934,
            0,
            0.17720675468444824,
            -0.008135716430842876,
            -0.9841400384902954,
            0,
            -0.6886542439460754,
            -0.7154096364974976,
            -0.11808668822050095,
            0,
            0.020343583077192307,
            0.4473796784877777,
            -0.5246623754501343,
            1
          ],
          "matrixAutoUpdate": false
        }
      },
      "jointRadius": 0.0067641944624483585,
      "position": [0.020343583077192307, 0.4473796784877777, -0.5246623754501343],
      "quaternion": [0.3252383215780087, 0.6732483760674203, -0.6311005292506873, -0.20656422797571578]
    },
    {
      "joint": {
        "metadata": {
          "version": 4.5,
          "type": "Object",
          "generator": "Object3D.toJSON"
        },
        "object": {
          "uuid": "E6CA58C7-98F5-4781-B54B-FDFDC1B39B9C",
          "type": "Group",
          "visible": false,
          "layers": 1,
          "matrix": [
            -0.7597636580467224,
            0.6293258666992188,
            -0.1634271740913391,
            0,
            0.47395357489585876,
            0.36396998167037964,
            -0.801806628704071,
            0,
            -0.44511497020721436,
            -0.6866403222084045,
            -0.5748023390769958,
            0,
            0.034331101924180984,
            0.4619106352329254,
            -0.5222638845443726,
            1
          ],
          "matrixAutoUpdate": false
        }
      },
      "jointRadius": 0.0064259846694767475,
      "position": [0.034331101924180984, 0.4619106352329254, -0.5222638845443726],
      "quaternion": [0.3358082708280429, 0.8213610503907919, -0.4530428280114991, -0.08573812531049449]
    },
    {
      "joint": {
        "metadata": {
          "version": 4.5,
          "type": "Object",
          "generator": "Object3D.toJSON"
        },
        "object": {
          "uuid": "C1928401-EC77-496B-B430-98500DE510BC",
          "type": "Group",
          "visible": false,
          "layers": 1,
          "matrix": [
            -0.7597636580467224,
            0.6293258666992188,
            -0.1634271740913391,
            0,
            0.47395357489585876,
            0.36396998167037964,
            -0.801806628704071,
            0,
            -0.44511497020721436,
            -0.6866403222084045,
            -0.5748023390769958,
            0,
            0.04447818547487259,
            0.47756117582321167,
            -0.5106781721115112,
            1
          ],
          "matrixAutoUpdate": false
        }
      },
      "jointRadius": 0,
      "position": [0.04447818547487259, 0.47756117582321167, -0.5106781721115112],
      "quaternion": [0.3358082708280429, 0.8213610503907919, -0.4530428280114991, -0.08573812531049449]
    }
  ]
}
