{
  "num": 0,
  "hand": [
    {
      "joint": {
        "metadata": {
          "version": 4.5,
          "type": "Object",
          "generator": "Object3D.toJSON"
        },
        "object": {
          "uuid": "9DAA0773-DDF6-4404-A28A-2C668C3BFBA4",
          "type": "Group",
          "visible": false,
          "layers": 1,
          "matrix": [
            0.19286872446537018,
            -0.28956589102745056,
            -0.9375252723693848,
            0,
            0.9803032875061035,
            0.0154646635055542,
            0.1968926191329956,
            0,
            -0.04251489043235779,
            -0.9570333957672119,
            0.28684499859809875,
            0,
            0.1562340259552002,
            0.4428292512893677,
            -0.38784313201904297,
            1
          ],
          "matrixAutoUpdate": false
        }
      },
      "jointRadius": 0.02346085011959076,
      "position": [0.1562340259552002, 0.4428292512893677, -0.38784313201904297],
      "quaternion": [0.4718472000381117, 0.3659750751584187, -0.5192570662426605, 0.6113874085520974]
    },
    {
      "joint": {
        "metadata": {
          "version": 4.5,
          "type": "Object",
          "generator": "Object3D.toJSON"
        },
        "object": {
          "uuid": "4A179367-DF04-42B3-B20C-6EADBA7194C3",
          "type": "Group",
          "visible": false,
          "layers": 1,
          "matrix": [
            0.7691854238510132,
            0.6205624938011169,
            0.15250195562839508,
            0,
            -0.0685780718922615,
            -0.15710806846618652,
            0.9851977825164795,
            0,
            0.6353358030319214,
            -0.768257737159729,
            -0.07828815281391144,
            0,
            0.13216614723205566,
            0.48531895875930786,
            -0.3778654932975769,
            1
          ],
          "matrixAutoUpdate": false
        }
      },
      "jointRadius": 0.018382512032985687,
      "position": [0.13216614723205566, 0.48531895875930786, -0.3778654932975769],
      "quaternion": [0.7079161586908952, 0.19493275135449015, 0.2782241526832258, 0.6192311810442017]
    },
    {
      "joint": {
        "metadata": {
          "version": 4.5,
          "type": "Object",
          "generator": "Object3D.toJSON"
        },
        "object": {
          "uuid": "C9C60F0A-403E-45E9-BD08-34FC1D6D7A9A",
          "type": "Group",
          "visible": false,
          "layers": 1,
          "matrix": [
            0.8469144701957703,
            0.5315549969673157,
            0.013646000064909458,
            0,
            -0.2643226981163025,
            0.39859405159950256,
            0.8782122731208801,
            0,
            0.4613787829875946,
            -0.7473773956298828,
            0.47807690501213074,
            0,
            0.1115095317363739,
            0.5102972388267517,
            -0.3753201365470886,
            1
          ],
          "matrixAutoUpdate": false
        }
      },
      "jointRadius": 0.010282955132424831,
      "position": [0.1115095317363739, 0.5102972388267517, -0.3753201365470886],
      "quaternion": [0.49250467920744834, 0.13564952498636546, 0.24112693214565767, 0.8251643169234629]
    },
    {
      "joint": {
        "metadata": {
          "version": 4.5,
          "type": "Object",
          "generator": "Object3D.toJSON"
        },
        "object": {
          "uuid": "19C368EB-FB67-448C-B73E-9B3B7C817209",
          "type": "Group",
          "visible": false,
          "layers": 1,
          "matrix": [
            0.7466028332710266,
            0.6610518097877502,
            0.074806809425354,
            0,
            -0.5554159879684448,
            0.5574693083763123,
            0.6170428991317749,
            0,
            0.3661947250366211,
            -0.502234697341919,
            0.783366322517395,
            0,
            0.09591811895370483,
            0.5355534553527832,
            -0.3914758265018463,
            1
          ],
          "matrixAutoUpdate": false
        }
      },
      "jointRadius": 0.009768807329237461,
      "position": [0.09591811895370483, 0.5355534553527832, -0.3914758265018463],
      "quaternion": [0.31849939162697166, 0.08291673218449602, 0.34615556601398106, 0.8785552214713847]
    },
    {
      "joint": {
        "metadata": {
          "version": 4.5,
          "type": "Object",
          "generator": "Object3D.toJSON"
        },
        "object": {
          "uuid": "01F02132-C771-4DDF-9184-9085D577C5B1",
          "type": "Group",
          "visible": false,
          "layers": 1,
          "matrix": [
            0.7466028332710266,
            0.6610518097877502,
            0.074806809425354,
            0,
            -0.5554159879684448,
            0.5574693083763123,
            0.6170428991317749,
            0,
            0.3661947250366211,
            -0.502234697341919,
            0.783366322517395,
            0,
            0.08684321492910385,
            0.5489194393157959,
            -0.41005557775497437,
            1
          ],
          "matrixAutoUpdate": false
        }
      },
      "jointRadius": 0,
      "position": [0.08684321492910385, 0.5489194393157959, -0.41005557775497437],
      "quaternion": [0.31849939162697166, 0.08291673218449602, 0.34615556601398106, 0.8785552214713847]
    },
    {
      "joint": {
        "metadata": {
          "version": 4.5,
          "type": "Object",
          "generator": "Object3D.toJSON"
        },
        "object": {
          "uuid": "B0DBFCEC-A174-4E0D-A431-6153ACB3CB88",
          "type": "Group",
          "visible": false,
          "layers": 1,
          "matrix": [
            0.19663263857364655,
            -0.09682383388280869,
            -0.9756849408149719,
            0,
            0.9602919816970825,
            0.21989955008029938,
            0.17170831561088562,
            0,
            0.19792714715003967,
            -0.9707058072090149,
            0.1362185776233673,
            0,
            0.14568041265010834,
            0.4865484833717346,
            -0.3865744471549988,
            1
          ],
          "matrixAutoUpdate": false
        }
      },
      "jointRadius": 0.018382512032985687,
      "position": [0.14568041265010834, 0.4865484833717346, -0.3865744471549988],
      "quaternion": [0.4583979130774683, 0.47091621207867723, -0.42417168496571367, 0.6230470737922131]
    },
    {
      "joint": {
        "metadata": {
          "version": 4.5,
          "type": "Object",
          "generator": "Object3D.toJSON"
        },
        "object": {
          "uuid": "4421D579-4C47-4D57-9734-A86596720879",
          "type": "Group",
          "visible": false,
          "layers": 1,
          "matrix": [
            0.266010046005249,
            -0.5265747904777527,
            -0.8074391484260559,
            0,
            0.7425909638404846,
            0.6460259556770325,
            -0.17666257917881012,
            0,
            0.6146525144577026,
            -0.5526028275489807,
            0.5628789067268372,
            0,
            0.1486007571220398,
            0.5414071679115295,
            -0.39474037289619446,
            1
          ],
          "matrixAutoUpdate": false
        }
      },
      "jointRadius": 0.010295257903635502,
      "position": [0.1486007571220398, 0.5414071679115295, -0.39474037289619446],
      "quaternion": [0.11948369891112504, 0.45197812914488683, -0.40337422745773804, 0.7865930644825675]
    },
    {
      "joint": {
        "metadata": {
          "version": 4.5,
          "type": "Object",
          "generator": "Object3D.toJSON"
        },
        "object": {
          "uuid": "0A08FB19-2C8B-47F6-A0BB-997FCB3CC7EF",
          "type": "Group",
          "visible": false,
          "layers": 1,
          "matrix": [
            0.2367863804101944,
            -0.5653656721115112,
            -0.7901228666305542,
            0,
            -0.24113668501377106,
            0.7536051273345947,
            -0.6115003228187561,
            0,
            0.9411618709564209,
            0.33532261848449707,
            0.04211301729083061,
            0,
            0.12528865039348602,
            0.5623658895492554,
            -0.41608884930610657,
            1
          ],
          "matrixAutoUpdate": false
        }
      },
      "jointRadius": 0.00803810078650713,
      "position": [0.12528865039348602, 0.5623658895492554, -0.41608884930610657],
      "quaternion": [-0.3320649011164432, 0.6071872835869364, -0.11371192131563662, 0.7128296451800744]
    },
    {
      "joint": {
        "metadata": {
          "version": 4.5,
          "type": "Object",
          "generator": "Object3D.toJSON"
        },
        "object": {
          "uuid": "8F918457-E6A8-4ACB-9C7A-F0F21CB3B7B7",
          "type": "Group",
          "visible": false,
          "layers": 1,
          "matrix": [
            0.29052069783210754,
            -0.5669233798980713,
            -0.7708411812782288,
            0,
            -0.5271903276443481,
            0.5774574875831604,
            -0.623388946056366,
            0,
            0.7985416054725647,
            0.5874872803688049,
            -0.13111309707164764,
            0,
            0.10241498053073883,
            0.5542163848876953,
            -0.4171123504638672,
            1
          ],
          "matrixAutoUpdate": false
        }
      },
      "jointRadius": 0.007636195980012417,
      "position": [0.10241498053073883, 0.5542163848876953, -0.4171123504638672],
      "quaternion": [-0.45939533550883227, 0.5954094835684985, -0.015074342029010368, 0.6589508606882715]
    },
    {
      "joint": {
        "metadata": {
          "version": 4.5,
          "type": "Object",
          "generator": "Object3D.toJSON"
        },
        "object": {
          "uuid": "947E220F-7946-4985-BE31-F2555BF99F7D",
          "type": "Group",
          "visible": false,
          "layers": 1,
          "matrix": [
            0.29052069783210754,
            -0.5669233798980713,
            -0.7708411812782288,
            0,
            -0.5271903276443481,
            0.5774574875831604,
            -0.623388946056366,
            0,
            0.7985416054725647,
            0.5874872803688049,
            -0.13111309707164764,
            0,
            0.08410236239433289,
            0.5415024757385254,
            -0.4150471091270447,
            1
          ],
          "matrixAutoUpdate": false
        }
      },
      "jointRadius": 0,
      "position": [0.08410236239433289, 0.5415024757385254, -0.4150471091270447],
      "quaternion": [-0.45939533550883227, 0.5954094835684985, -0.015074342029010368, 0.6589508606882715]
    },
    {
      "joint": {
        "metadata": {
          "version": 4.5,
          "type": "Object",
          "generator": "Object3D.toJSON"
        },
        "object": {
          "uuid": "483A670C-B8E7-49AD-BEC0-34BEA5FA6B41",
          "type": "Group",
          "visible": false,
          "layers": 1,
          "matrix": [
            0.07441002130508423,
            -0.28028255701065063,
            -0.9570292234420776,
            0,
            0.979229211807251,
            0.20204558968544006,
            0.016963548958301544,
            0,
            0.18860891461372375,
            -0.9384132027626038,
            0.2894950807094574,
            0,
            0.1481090933084488,
            0.4827496409416199,
            -0.39836814999580383,
            1
          ],
          "matrixAutoUpdate": false
        }
      },
      "jointRadius": 0.018382512032985687,
      "position": [0.1481090933084488, 0.4827496409416199, -0.39836814999580383],
      "quaternion": [0.3817294149244727, 0.4577500606507311, -0.503249314898915, 0.6256897496438985]
    },
    {
      "joint": {
        "metadata": {
          "version": 4.5,
          "type": "Object",
          "generator": "Object3D.toJSON"
        },
        "object": {
          "uuid": "C8AA9D9B-22FF-444B-A6AC-9483380475D4",
          "type": "Group",
          "visible": false,
          "layers": 1,
          "matrix": [
            0.18032538890838623,
            -0.30398160219192505,
            -0.935456395149231,
            0,
            0.43158337473869324,
            0.8790599703788757,
            -0.2024601250886917,
            0,
            0.883866012096405,
            -0.36721858382225037,
            0.2897101044654846,
            0,
            0.15747448801994324,
            0.5348266959190369,
            -0.4141615331172943,
            1
          ],
          "matrixAutoUpdate": false
        }
      },
      "jointRadius": 0.01117393746972084,
      "position": [0.15747448801994324, 0.5348266959190369, -0.4141615331172943],
      "quaternion": [0.05374863663019702, 0.5935116447103838, -0.23996096014927928, 0.7663378819148942]
    },
    {
      "joint": {
        "metadata": {
          "version": 4.5,
          "type": "Object",
          "generator": "Object3D.toJSON"
        },
        "object": {
          "uuid": "9797C99B-EFB7-4BB7-82CA-084D1736463C",
          "type": "Group",
          "visible": false,
          "layers": 1,
          "matrix": [
            0.17941495776176453,
            -0.32950079441070557,
            -0.9269522428512573,
            0,
            -0.9256824851036072,
            0.2624463737010956,
            -0.2724601626396179,
            0,
            0.33305099606513977,
            0.90694659948349,
            -0.25792622566223145,
            0,
            0.11953277885913849,
            0.5505902767181396,
            -0.42659792304039,
            1
          ],
          "matrixAutoUpdate": false
        }
      },
      "jointRadius": 0.008030957542359829,
      "position": [0.11953277885913849, 0.5505902767181396, -0.42659792304039],
      "quaternion": [-0.5419627938099828, 0.5789985975919523, 0.2739583702476414, 0.5440439003274339]
    },
    {
      "joint": {
        "metadata": {
          "version": 4.5,
          "type": "Object",
          "generator": "Object3D.toJSON"
        },
        "object": {
          "uuid": "E8D16502-5480-4C14-A24D-A38748AA37B7",
          "type": "Group",
          "visible": false,
          "layers": 1,
          "matrix": [
            0.3293990194797516,
            -0.3401811122894287,
            -0.8807805776596069,
            0,
            -0.8636491298675537,
            -0.4855535626411438,
            -0.1354583203792572,
            0,
            -0.3815854489803314,
            0.8053047060966492,
            -0.45373770594596863,
            0,
            0.110357366502285,
            0.5256043076515198,
            -0.4194921553134918,
            1
          ],
          "matrixAutoUpdate": false
        }
      },
      "jointRadius": 0.007629409898072481,
      "position": [0.110357366502285, 0.5256043076515198, -0.4194921553134918],
      "quaternion": [-0.7531084788722278, 0.399620263686302, 0.4190515920903497, 0.31229317486713154]
    },
    {
      "joint": {
        "metadata": {
          "version": 4.5,
          "type": "Object",
          "generator": "Object3D.toJSON"
        },
        "object": {
          "uuid": "67706B03-BBCF-4669-AF3B-29BD9258199D",
          "type": "Group",
          "visible": false,
          "layers": 1,
          "matrix": [
            0.3293990194797516,
            -0.3401811122894287,
            -0.8807805776596069,
            0,
            -0.8636491298675537,
            -0.4855535626411438,
            -0.1354583203792572,
            0,
            -0.3815854489803314,
            0.8053047060966492,
            -0.45373770594596863,
            0,
            0.119003064930439,
            0.5048426985740662,
            -0.40859055519104004,
            1
          ],
          "matrixAutoUpdate": false
        }
      },
      "jointRadius": 0,
      "position": [0.119003064930439, 0.5048426985740662, -0.40859055519104004],
      "quaternion": [-0.7531084788722278, 0.399620263686302, 0.4190515920903497, 0.31229317486713154]
    },
    {
      "joint": {
        "metadata": {
          "version": 4.5,
          "type": "Object",
          "generator": "Object3D.toJSON"
        },
        "object": {
          "uuid": "17AFD5AB-C771-47D2-8715-019DC33A662E",
          "type": "Group",
          "visible": false,
          "layers": 1,
          "matrix": [
            -0.04920521751046181,
            -0.4514414966106415,
            -0.8909429907798767,
            0,
            0.9788135290145874,
            0.15571223199367523,
            -0.13295763731002808,
            0,
            0.19875329732894897,
            -0.8786093592643738,
            0.4342151880264282,
            0,
            0.1502055674791336,
            0.4765684902667999,
            -0.40832072496414185,
            1
          ],
          "matrixAutoUpdate": false
        }
      },
      "jointRadius": 0.018382512032985687,
      "position": [0.1502055674791336, 0.4765684902667999, -0.40832072496414185],
      "quaternion": [0.30036120624217405, 0.4389482470553005, -0.5761311009005096, 0.6206291459212917]
    },
    {
      "joint": {
        "metadata": {
          "version": 4.5,
          "type": "Object",
          "generator": "Object3D.toJSON"
        },
        "object": {
          "uuid": "96D3DD78-BE21-4589-930B-BE18D9766AFC",
          "type": "Group",
          "visible": false,
          "layers": 1,
          "matrix": [
            0.0948185920715332,
            -0.35841819643974304,
            -0.9287335872650146,
            0,
            0.30725935101509094,
            0.8979238271713257,
            -0.31515854597091675,
            0,
            0.9468903541564941,
            -0.2554791569709778,
            0.19526717066764832,
            0,
            0.15697263181209564,
            0.5225538611412048,
            -0.43094417452812195,
            1
          ],
          "matrixAutoUpdate": false
        }
      },
      "jointRadius": 0.009922139346599579,
      "position": [0.15697263181209564, 0.5225538611412048, -0.43094417452812195],
      "quaternion": [-0.020172941513245835, 0.6340027423970973, -0.2250138426185261, 0.7395960692795142]
    },
    {
      "joint": {
        "metadata": {
          "version": 4.5,
          "type": "Object",
          "generator": "Object3D.toJSON"
        },
        "object": {
          "uuid": "C3C36205-6BEE-47CC-B64B-A612E25A29AF",
          "type": "Group",
          "visible": false,
          "layers": 1,
          "matrix": [
            0.09095363318920135,
            -0.4431803226470947,
            -0.8918064832687378,
            0,
            -0.8931962251663208,
            0.35969915986061096,
            -0.26984667778015137,
            0,
            0.4403727948665619,
            0.8211017847061157,
            -0.363131046295166,
            0,
            0.12004759907722473,
            0.5325165390968323,
            -0.4385588467121124,
            1
          ],
          "matrixAutoUpdate": false
        }
      },
      "jointRadius": 0.007611674256622791,
      "position": [0.12004759907722473, 0.5325165390968323, -0.4385588467121124],
      "quaternion": [-0.5230644009416857, 0.6387245968167607, 0.21576393665473204, 0.5214215622009075]
    },
    {
      "joint": {
        "metadata": {
          "version": 4.5,
          "type": "Object",
          "generator": "Object3D.toJSON"
        },
        "object": {
          "uuid": "2D58ACAA-8385-42C4-8396-682F1A6EA4E6",
          "type": "Group",
          "visible": false,
          "layers": 1,
          "matrix": [
            0.13241373002529144,
            -0.4940167963504791,
            -0.8593103885650635,
            0,
            -0.9349393844604492,
            -0.35016068816185,
            0.05723939836025238,
            0,
            -0.329173743724823,
            0.7958238124847412,
            -0.5082417130470276,
            0,
            0.1083453968167305,
            0.5106971263885498,
            -0.42890921235084534,
            1
          ],
          "matrixAutoUpdate": false
        }
      },
      "jointRadius": 0.007231090217828751,
      "position": [0.1083453968167305, 0.5106971263885498, -0.42890921235084534],
      "quaternion": [-0.7054813527496293, 0.5063761938800121, 0.42116064915372026, 0.2617306225846766]
    },
    {
      "joint": {
        "metadata": {
          "version": 4.5,
          "type": "Object",
          "generator": "Object3D.toJSON"
        },
        "object": {
          "uuid": "94F4B783-567F-4BCE-A43A-821FCF2AE4B9",
          "type": "Group",
          "visible": false,
          "layers": 1,
          "matrix": [
            0.13241373002529144,
            -0.4940167963504791,
            -0.8593103885650635,
            0,
            -0.9349393844604492,
            -0.35016068816185,
            0.05723939836025238,
            0,
            -0.329173743724823,
            0.7958238124847412,
            -0.5082417130470276,
            0,
            0.11488352715969086,
            0.49064725637435913,
            -0.41667523980140686,
            1
          ],
          "matrixAutoUpdate": false
        }
      },
      "jointRadius": 0,
      "position": [0.11488352715969086, 0.49064725637435913, -0.41667523980140686],
      "quaternion": [-0.7054813527496293, 0.5063761938800121, 0.42116064915372026, 0.2617306225846766]
    },
    {
      "joint": {
        "metadata": {
          "version": 4.5,
          "type": "Object",
          "generator": "Object3D.toJSON"
        },
        "object": {
          "uuid": "258C40B5-C61B-4CEF-A828-A60EB49B1F3B",
          "type": "Group",
          "visible": false,
          "layers": 1,
          "matrix": [
            -0.23104241490364075,
            -0.5267521142959595,
            -0.8180171251296997,
            0,
            0.9729438424110413,
            -0.1251143515110016,
            -0.19423437118530273,
            0,
            -0.00003233856477891095,
            -0.8407610058784485,
            0.5414068698883057,
            0,
            0.15288406610488892,
            0.4686335027217865,
            -0.42103341221809387,
            1
          ],
          "matrixAutoUpdate": false
        }
      },
      "jointRadius": 0.018382512032985687,
      "position": [0.15288406610488892, 0.4686335027217865, -0.42103341221809387],
      "quaternion": [0.296928121968987, 0.3756731543436995, -0.6887603829341179, 0.544345943669899]
    },
    {
      "joint": {
        "metadata": {
          "version": 4.5,
          "type": "Object",
          "generator": "Object3D.toJSON"
        },
        "object": {
          "uuid": "4A63C390-AADE-4CFE-B1C4-DF7788826FCD",
          "type": "Group",
          "visible": false,
          "layers": 1,
          "matrix": [
            -0.09694115817546844,
            -0.4050889015197754,
            -0.9091235995292664,
            0,
            0.2435189038515091,
            0.8760095238685608,
            -0.41630062460899353,
            0,
            0.9650394916534424,
            -0.2617454528808594,
            0.013725481927394867,
            0,
            0.1528850793838501,
            0.5070160031318665,
            -0.44574692845344543,
            1
          ],
          "matrixAutoUpdate": false
        }
      },
      "jointRadius": 0.008483353070914745,
      "position": [0.1528850793838501, 0.5070160031318665, -0.44574692845344543],
      "quaternion": [-0.05771501979925442, 0.699861583833407, -0.242207236336611, 0.6694762091590316]
    },
    {
      "joint": {
        "metadata": {
          "version": 4.5,
          "type": "Object",
          "generator": "Object3D.toJSON"
        },
        "object": {
          "uuid": "EDCD1C4C-022F-4500-A52D-4BDF31EE0DC6",
          "type": "Group",
          "visible": false,
          "layers": 1,
          "matrix": [
            -0.011507482267916203,
            -0.5356767773628235,
            -0.8443449139595032,
            0,
            -0.8745412230491638,
            0.4147970974445343,
            -0.25124022364616394,
            0,
            0.48481515049934387,
            0.7355231642723083,
            -0.4732445478439331,
            0,
            0.12323866784572601,
            0.5150569081306458,
            -0.44616860151290894,
            1
          ],
          "matrixAutoUpdate": false
        }
      },
      "jointRadius": 0.006764191202819347,
      "position": [0.12323866784572601, 0.5150569081306458, -0.44616860151290894],
      "quaternion": [-0.5116004431090336, 0.6891206036806957, 0.17568874180591249, 0.4821941996706818]
    },
    {
      "joint": {
        "metadata": {
          "version": 4.5,
          "type": "Object",
          "generator": "Object3D.toJSON"
        },
        "object": {
          "uuid": "B2F93CC0-1114-490E-8EA4-52E94E1F8040",
          "type": "Group",
          "visible": false,
          "layers": 1,
          "matrix": [
            -0.02019304223358631,
            -0.6072394251823425,
            -0.7942625284194946,
            0,
            -0.9180902242660522,
            -0.30328062176704407,
            0.2552090287208557,
            0,
            -0.39585745334625244,
            0.734358012676239,
            -0.5513762831687927,
            0,
            0.11339140683412552,
            0.5001174211502075,
            -0.436556339263916,
            1
          ],
          "matrixAutoUpdate": false
        }
      },
      "jointRadius": 0.006425981875509024,
      "position": [0.11339140683412552, 0.5001174211502075, -0.436556339263916],
      "quaternion": [-0.6772118769778084, 0.5630915820982352, 0.4393454092497522, 0.17688288560928636]
    },
    {
      "joint": {
        "metadata": {
          "version": 4.5,
          "type": "Object",
          "generator": "Object3D.toJSON"
        },
        "object": {
          "uuid": "68A0859D-3C96-48C3-B713-06E2C13C1541",
          "type": "Group",
          "visible": false,
          "layers": 1,
          "matrix": [
            -0.02019304223358631,
            -0.6072394251823425,
            -0.7942625284194946,
            0,
            -0.9180902242660522,
            -0.30328062176704407,
            0.2552090287208557,
            0,
            -0.39585745334625244,
            0.734358012676239,
            -0.5513762831687927,
            0,
            0.12095804512500763,
            0.48379939794540405,
            -0.4239627420902252,
            1
          ],
          "matrixAutoUpdate": false
        }
      },
      "jointRadius": 0,
      "position": [0.12095804512500763, 0.48379939794540405, -0.4239627420902252],
      "quaternion": [-0.6772118769778084, 0.5630915820982352, 0.4393454092497522, 0.17688288560928636]
    }
  ]
}
